%YAML:1.0
---
SVMDetector: !!opencv-object-detector-hog
   winSize: [ 64, 64 ]
   blockSize: [ 16, 16 ]
   blockStride: [ 8, 8 ]
   cellSize: [ 4, 4 ]
   nbins: 4
   derivAperture: 1
   winSigma: 4.
   histogramNormType: 0
   L2HysThreshold: 2.0000000000000001e-01
   gammaCorrection: 0
   nlevels: 64
   signedGradient: 0
   SVMDetector: [ -1.71886652e-03, -2.97883339e-03, -2.00735085e-04,
       -1.15119747e-03, -4.41231113e-03, -1.13026723e-02,
       -1.42844697e-03, -1.98971014e-03, -1.87814480e-03,
       -4.84144129e-03, 8.46305629e-05, -3.58889042e-03, 1.90994833e-04,
       -8.78343883e-04, 1.09719823e-03, -1.16209150e-03, -4.05524811e-03,
       -3.48058436e-03, 2.88114953e-03, 1.83948211e-03, -5.34919556e-03,
       -3.96934757e-03, 7.61481840e-03, 2.17894581e-03, 1.10414682e-03,
       2.69161235e-03, 7.98338559e-03, -6.51953928e-03, 1.16391585e-03,
       6.89069508e-03, 5.84939821e-03, -7.09407963e-03, -8.63316702e-04,
       -1.19002489e-03, -6.83267834e-04, 3.66149377e-03, 4.85816598e-03,
       -2.18299311e-03, 5.22355130e-03, 1.05886767e-02, 1.54063087e-02,
       7.16050295e-03, 5.88523049e-04, 7.47271953e-03, 9.29166190e-03,
       1.81121118e-02, 9.76903015e-04, -9.35059786e-03, -2.47242791e-03,
       5.30234247e-04, -3.67199001e-03, -2.33262405e-03, 2.01007395e-04,
       3.89007316e-03, -1.33280107e-03, -2.50973972e-03, 1.46549176e-02,
       1.26914838e-02, -6.70427829e-03, -1.09971873e-03, 1.32930344e-02,
       1.09378714e-02, -3.37506854e-03, -4.43393737e-03, -7.93018495e-04,
       -2.60202494e-03, -1.44392601e-03, -2.08499213e-03,
       -4.25050966e-03, -3.67357861e-03, -1.66320195e-03,
       -3.58239235e-03, -6.97141280e-03, -9.74951684e-03,
       -3.09823896e-03, 1.62350410e-03, -1.55004696e-03, -3.28647834e-03,
       -1.60971482e-03, -1.52503478e-03, -1.71371025e-03,
       -2.02188641e-03, -4.30728495e-03, -1.03811221e-02,
       -1.06566511e-02, 2.19558366e-03, 5.84090361e-03, -1.69796105e-02,
       -6.91378445e-05, -6.23413268e-03, 1.63326378e-03, -4.28686384e-03,
       8.09004530e-03, 1.10477803e-03, -1.11907127e-03, -8.28293525e-03,
       5.00495953e-04, -6.11332303e-04, -7.02464534e-03, -5.88276843e-03,
       -1.44186651e-03, 1.36510152e-02, 3.66493454e-03, -2.09077839e-02,
       1.28436489e-02, 1.60237476e-02, 7.30699030e-05, -9.36770625e-03,
       2.40612794e-02, 1.41503392e-02, 2.03990916e-04, -7.05476059e-03,
       -4.38307226e-03, 1.00351885e-04, -5.52636292e-03, -4.67937486e-03,
       8.12328141e-03, 8.41786247e-03, -5.58104133e-03, -1.53989643e-02,
       1.65636186e-02, 1.21433400e-02, -2.80683627e-03, -1.14001567e-02,
       2.14259215e-02, 1.45636871e-02, -1.34600117e-03, -3.42814019e-03,
       -3.73067404e-03, -4.99189552e-03, -3.77334654e-03,
       -1.53188105e-03, -4.89325868e-03, -4.17397870e-03,
       -4.07728134e-03, -6.65517990e-03, -7.42129399e-04, 2.35297208e-04,
       -5.80217456e-04, -1.21418936e-02, -1.26347563e-03,
       -7.69633707e-03, -2.97235232e-03, -2.72151665e-03,
       -5.19182486e-03, -1.15772225e-02, -6.07540132e-03,
       -5.32174716e-03, 4.50382801e-03, 4.35055420e-03, -4.26703459e-03,
       -2.25487426e-02, 1.27372462e-02, -3.89761338e-03, -6.91541471e-03,
       -8.84490833e-03, 7.62366084e-03, -1.06784534e-02, -9.93827730e-03,
       1.04521960e-03, 1.32621201e-02, -3.54687963e-03, -7.70796509e-03,
       -1.13621298e-02, 1.36382524e-02, 1.16230492e-02, -6.46133581e-03,
       -1.95832811e-02, 1.94255728e-02, -3.19897011e-03, -9.00318474e-03,
       -8.36291537e-03, 1.08243097e-02, -1.27188955e-02, -1.08183054e-02,
       -3.30882729e-03, 2.46676803e-03, -1.69829256e-03, -5.98035008e-03,
       -7.51919160e-03, 1.66564360e-02, 2.55696243e-03, -7.90197961e-03,
       -1.05688022e-02, 8.96605663e-03, -9.60670877e-03, -7.85731245e-03,
       -4.73165303e-04, 8.87119677e-03, -9.72691551e-03, -3.11195944e-03,
       8.40039924e-03, 6.84695551e-04, -2.01668753e-03, -6.07702008e-04,
       -2.70844903e-03, -5.33527171e-04, -5.88147948e-03,
       -3.37650604e-03, -2.55476753e-03, -6.43308554e-03,
       -3.80424480e-03, -4.05350421e-03, -3.39010241e-03,
       -1.65083294e-03, -3.09727900e-03, -5.30422479e-03,
       -4.48223716e-03, 9.90505051e-03, -6.80516614e-03, -2.48516886e-03,
       -7.79914670e-04, 3.52640823e-03, -1.10141747e-02, -1.10150957e-02,
       5.44822961e-03, -6.97464030e-03, -6.79433672e-03, -8.34405702e-03,
       3.23207327e-03, -3.81141086e-03, -7.82998651e-03, -7.51462951e-03,
       4.71211085e-03, 1.31345205e-02, -7.87291862e-03, -3.81097710e-03,
       -8.11085943e-03, 9.41828638e-03, -9.97392647e-03, -1.19920215e-02,
       3.39026516e-03, 2.52504228e-03, -2.94710160e-03, -7.98516162e-03,
       5.98938763e-03, -1.24024868e-03, -9.45169013e-03, -8.11871234e-03,
       1.35778626e-02, 1.01470230e-02, -5.33652911e-03, -2.31406465e-03,
       1.20445888e-03, -8.15348933e-04, -1.03268353e-02, -5.64756617e-03,
       2.80854700e-04, 3.53701692e-03, -5.17590344e-03, -2.06231116e-03,
       2.75693275e-03, -4.86614386e-04, -3.52574349e-03, -9.73755319e-04,
       7.33817229e-03, -4.48321458e-03, -2.82002171e-03, -2.29063001e-03,
       -2.93629337e-03, -3.05849127e-03, -1.46108062e-03,
       -8.53203144e-03, -1.05696302e-02, -1.69714727e-03,
       -8.11512303e-03, -8.67825560e-03, -4.05120291e-03,
       -2.07579098e-04, -3.26711102e-03, -3.22507764e-03,
       -3.32375406e-03, -5.93104260e-03, -5.57826599e-03,
       -5.01410710e-03, 2.35193828e-03, -6.85403636e-03, -7.20989658e-03,
       -1.34446053e-02, -3.97202466e-03, -1.16566475e-02,
       -1.09294998e-02, -6.89177355e-03, -1.98578276e-03,
       -1.10508194e-02, -5.32236602e-03, -1.21544799e-05, 7.32632214e-03,
       2.79794307e-03, -3.82436300e-03, -5.25007956e-03, 1.41356364e-02,
       -6.42210152e-03, -1.19897556e-02, -7.02822441e-03, 1.35368481e-02,
       -1.05910357e-02, 8.79661005e-04, -6.82219677e-03, 9.69873089e-03,
       -1.00940894e-02, -7.27599999e-03, -1.03556109e-03, 1.21840071e-02,
       3.32264975e-03, -1.97293842e-03, -2.83310539e-04, 7.09328521e-03,
       -3.81944049e-03, -4.48190141e-03, 2.53651827e-03, 6.17338344e-03,
       -6.25068089e-03, -2.88230047e-04, 2.76031019e-03, 8.53747316e-03,
       -5.22304280e-03, -6.44197175e-03, -9.66280350e-04, 8.92879814e-03,
       7.25484861e-04, -3.56024248e-03, -1.64507807e-03, -5.93006436e-04,
       -7.30173779e-04, -7.05942418e-03, -6.32752478e-03,
       -3.49826738e-03, 1.45509583e-03, -1.42630655e-02, -7.85460789e-03,
       -7.84670643e-04, 5.06044133e-03, -2.51365686e-03, 2.05506556e-04,
       8.24586459e-05, -3.44383973e-03, -3.84846423e-03, -3.79252480e-03,
       8.78398679e-03, -8.24711565e-03, -1.07183829e-02, 7.50696636e-04,
       2.98866769e-03, -5.37980581e-03, -1.04954876e-02, -3.30304960e-03,
       -4.95638046e-03, -1.10807260e-02, -1.47266397e-02, 1.79519563e-03,
       2.11964734e-03, -2.74165743e-03, 7.61279254e-04, -6.49312977e-03,
       1.82500370e-02, -3.71700269e-03, -1.12236310e-02, 8.24396324e-04,
       8.17074999e-03, -5.60752349e-03, -7.74358725e-03, -2.54381425e-03,
       4.84293420e-03, -8.48405622e-03, -1.25496676e-02, -3.42684635e-03,
       -1.97227276e-03, 9.80919809e-04, -9.60831996e-04, 6.15203381e-03,
       1.70018543e-02, -2.24097585e-03, -8.95671081e-03, 7.50611862e-03,
       1.38322022e-02, -4.12133755e-03, -5.45279181e-04, 5.00933267e-03,
       1.26243159e-02, -1.34319020e-03, -1.38554769e-03, 3.33368173e-03,
       4.10663430e-03, 4.41325083e-03, -5.05676260e-03, -1.97452516e-03,
       5.16676868e-04, 4.68382658e-03, -3.15684685e-03, 6.19700819e-04,
       4.52368008e-03, 1.55950931e-03, -8.26251600e-03, -2.66710384e-04,
       3.94447427e-03, 3.09593556e-03, -5.17965108e-03, -1.48935569e-03,
       7.89296813e-04, 1.54262438e-04, -4.46834834e-03, -7.43957877e-04,
       3.22827953e-04, -4.88005253e-03, -1.13793323e-02, 4.04923456e-03,
